For i = 1, j = 1, k = 1
Eigen Value matrix is
   -0.1364   -0.3285    0.9346
   -0.0774   -0.9370   -0.3406
    0.9876   -0.1188    0.1024

Eigen Vector matrix is
   -0.5134         0         0
         0   -0.0422         0
         0         0    0.1306

For i = 1, j = 1, k = 2
Eigen Value matrix is
   -0.1428   -0.2738    0.9511
   -0.0392   -0.9586   -0.2819
    0.9890   -0.0776    0.1262

Eigen Vector matrix is
   -1.0243         0         0
         0   -0.0647         0
         0         0    0.1390

For i = 1, j = 1, k = 3
Eigen Value matrix is
   -0.1460   -0.2334    0.9614
   -0.0263   -0.9705   -0.2396
    0.9889   -0.0603    0.1356

Eigen Vector matrix is
   -1.5362         0         0
         0   -0.0876         0
         0         0    0.1488

For i = 1, j = 1, k = 4
Eigen Value matrix is
   -0.1478   -0.2026    0.9680
   -0.0198   -0.9780   -0.2077
    0.9888   -0.0498    0.1406

Eigen Vector matrix is
   -2.0484         0         0
         0   -0.1109         0
         0         0    0.1593

For i = 1, j = 1, k = 5
Eigen Value matrix is
   -0.1490   -0.1786    0.9726
   -0.0158   -0.9830   -0.1830
    0.9887   -0.0427    0.1436

Eigen Vector matrix is
   -2.5608         0         0
         0   -0.1346         0
         0         0    0.1704

For i = 1, j = 2, k = 1
Eigen Value matrix is
   -0.2946    0.8555    0.4257
   -0.2825    0.3476   -0.8941
    0.9129    0.3837   -0.1393

Eigen Vector matrix is
   -0.5630         0         0
         0   -0.2129         0
         0         0    0.0258

For i = 1, j = 2, k = 2
Eigen Value matrix is
   -0.2026    0.8129    0.5461
   -0.1476    0.5259   -0.8376
    0.9681    0.2503   -0.0134

Eigen Vector matrix is
   -1.0518         0         0
         0   -0.2284         0
         0         0   -0.0199

For i = 1, j = 2, k = 3
Eigen Value matrix is
   -0.1818    0.7199    0.6698
   -0.0990    0.6643   -0.7409
    0.9783    0.2010    0.0495

Eigen Vector matrix is
   -1.5567         0         0
         0   -0.2437         0
         0         0   -0.0495

For i = 1, j = 2, k = 4
Eigen Value matrix is
   -0.1732    0.6034    0.7784
   -0.0743    0.7801   -0.6213
    0.9821    0.1655    0.0903

Eigen Vector matrix is
   -2.0655         0         0
         0   -0.2674         0
         0         0   -0.0671

For i = 1, j = 2, k = 5
Eigen Value matrix is
   -0.1687   -0.4908   -0.8548
   -0.0595   -0.8606    0.5058
    0.9839   -0.1361   -0.1160

Eigen Vector matrix is
   -2.5758         0         0
         0   -0.2995         0
         0         0   -0.0747

For i = 1, j = 3, k = 1
Eigen Value matrix is
    0.5698    0.7908    0.2233
    0.4389   -0.0631   -0.8963
   -0.6948    0.6088   -0.3830

Eigen Vector matrix is
   -0.7362         0         0
         0   -0.4241         0
         0         0    0.0852

For i = 1, j = 3, k = 2
Eigen Value matrix is
   -0.3080   -0.9071   -0.2869
   -0.3008   -0.1933    0.9339
    0.9026   -0.3740    0.2133

Eigen Vector matrix is
   -1.1446         0         0
         0   -0.4724         0
         0         0   -0.0330

For i = 1, j = 3, k = 3
Eigen Value matrix is
   -0.2372    0.9009    0.3634
   -0.2139    0.3164   -0.9242
    0.9476    0.2969   -0.1176

Eigen Vector matrix is
   -1.6210         0         0
         0   -0.4841         0
         0         0   -0.1199

For i = 1, j = 3, k = 4
Eigen Value matrix is
   -0.2092    0.8614    0.4629
   -0.1641    0.4357   -0.8850
    0.9640    0.2611   -0.0502

Eigen Vector matrix is
   -2.1154         0         0
         0   -0.4940         0
         0         0   -0.1905

For i = 1, j = 3, k = 5
Eigen Value matrix is
   -0.1949    0.7857    0.5870
   -0.1327    0.5719   -0.8095
    0.9718    0.2357    0.0072

Eigen Vector matrix is
   -2.6171         0         0
         0   -0.5110         0
         0         0   -0.2469

For i = 1, j = 4, k = 1
Eigen Value matrix is
   -0.7039   -0.6938   -0.1524
   -0.4644    0.2870    0.8379
    0.5375   -0.6605    0.5242

Eigen Vector matrix is
   -1.0194         0         0
         0   -0.6245         0
         0         0    0.2440

For i = 1, j = 4, k = 2
Eigen Value matrix is
    0.4252    0.8865    0.1825
    0.4255   -0.0179   -0.9048
   -0.7988    0.4623   -0.3849

Eigen Vector matrix is
   -1.3409         0         0
         0   -0.7117         0
         0         0    0.0526

For i = 1, j = 4, k = 3
Eigen Value matrix is
   -0.3054   -0.9258   -0.2229
   -0.3410   -0.1122    0.9333
    0.8891   -0.3611    0.2814

Eigen Vector matrix is
   -1.7665         0         0
         0   -0.7355         0
         0         0   -0.0980

For i = 1, j = 4, k = 4
Eigen Value matrix is
   -0.2537   -0.9264   -0.2783
   -0.2763   -0.2063    0.9387
    0.9270   -0.3150    0.2036

Eigen Vector matrix is
   -2.2307         0         0
         0   -0.7446         0
         0         0   -0.2247

For i = 1, j = 4, k = 5
Eigen Value matrix is
   -0.2268    0.9060    0.3574
   -0.2299    0.3068   -0.9236
    0.9464    0.2916   -0.1387

Eigen Vector matrix is
   -2.7125         0         0
         0   -0.7525         0
         0         0   -0.3350

For i = 1, j = 5, k = 1
Eigen Value matrix is
   -0.7287   -0.6742   -0.1203
   -0.4783    0.3752    0.7940
    0.4902   -0.6362    0.5959

Eigen Vector matrix is
   -1.3507         0         0
         0   -0.8576         0
         0         0    0.4833

For i = 1, j = 5, k = 2
Eigen Value matrix is
    0.4949    0.8589    0.1319
    0.4952   -0.1541   -0.8550
   -0.7140    0.4884   -0.5016

Eigen Vector matrix is
   -1.6311         0         0
         0   -0.9552         0
         0         0    0.2363

For i = 1, j = 5, k = 3
Eigen Value matrix is
   -0.3621    0.9200   -0.1501
   -0.4426   -0.0280    0.8963
    0.8204    0.3909    0.4173

Eigen Vector matrix is
   -2.0106         0         0
         0   -0.9889         0
         0         0    0.0244

For i = 1, j = 5, k = 4
Eigen Value matrix is
   -0.2954   -0.9388   -0.1769
   -0.3843   -0.0528    0.9217
    0.8747   -0.3403    0.3452

Eigen Vector matrix is
   -2.4376         0         0
         0   -1.0009         0
         0         0   -0.1615

For i = 1, j = 5, k = 5
Eigen Value matrix is
   -0.2585   -0.9414   -0.2167
   -0.3343   -0.1233    0.9344
    0.9064   -0.3139    0.2828

Eigen Vector matrix is
   -2.8907         0         0
         0   -1.0059         0
         0         0   -0.3284

For i = 2, j = 1, k = 1
Eigen Value matrix is
   -0.0928   -0.0786   -0.9926
   -0.0831   -0.9928    0.0864
    0.9922   -0.0905   -0.0856

Eigen Vector matrix is
   -0.5175         0         0
         0   -0.0318         0
         0         0    1.3242

For i = 2, j = 1, k = 2
Eigen Value matrix is
    0.1373   -0.0746    0.9877
    0.0464   -0.9956   -0.0816
   -0.9894   -0.0570    0.1333

Eigen Vector matrix is
   -1.0458         0         0
         0   -0.0573         0
         0         0    1.3531

For i = 2, j = 1, k = 3
Eigen Value matrix is
   -0.1656   -0.0709    0.9837
   -0.0328   -0.9965   -0.0773
    0.9857   -0.0451    0.1626

Eigen Vector matrix is
   -1.5816         0         0
         0   -0.0822         0
         0         0    1.3888

For i = 2, j = 1, k = 4
Eigen Value matrix is
   -0.1847   -0.0675    0.9805
   -0.0255   -0.9970   -0.0734
    0.9825   -0.0386    0.1824

Eigen Vector matrix is
   -2.1211         0         0
         0   -0.1070         0
         0         0    1.4281

For i = 2, j = 1, k = 5
Eigen Value matrix is
   -0.1985   -0.0644    0.9780
   -0.0210   -0.9973   -0.0699
    0.9799   -0.0344    0.1966

Eigen Vector matrix is
   -2.6627         0         0
         0   -0.1317         0
         0         0    1.4694

For i = 2, j = 2, k = 1
Eigen Value matrix is
   -0.1415    0.1662   -0.9759
   -0.2891    0.9359    0.2013
    0.9468    0.3106   -0.0844

Eigen Vector matrix is
   -0.5606         0         0
         0   -0.0528         0
         0         0    1.0633

For i = 2, j = 2, k = 2
Eigen Value matrix is
    0.1686   -0.1549    0.9734
    0.1611   -0.9700   -0.1823
   -0.9724   -0.1876    0.1385

Eigen Vector matrix is
   -1.0754         0         0
         0   -0.1151         0
         0         0    1.0905

For i = 2, j = 2, k = 3
Eigen Value matrix is
   -0.1899   -0.1437    0.9712
   -0.1116   -0.9797   -0.1668
    0.9754   -0.1401    0.1700

Eigen Vector matrix is
   -1.6072         0         0
         0   -0.1681         0
         0         0    1.1252

For i = 2, j = 2, k = 4
Eigen Value matrix is
   -0.2049   -0.1338    0.9696
   -0.0854   -0.9844   -0.1539
    0.9750   -0.1144    0.1903

Eigen Vector matrix is
   -2.1450         0         0
         0   -0.2187         0
         0         0    1.1637

For i = 2, j = 2, k = 5
Eigen Value matrix is
   -0.2159   -0.1250    0.9684
   -0.0693   -0.9873   -0.1429
    0.9740   -0.0979    0.2045

Eigen Vector matrix is
   -2.6859         0         0
         0   -0.2685         0
         0         0    1.2044

For i = 2, j = 3, k = 1
Eigen Value matrix is
   -0.2227    0.2786   -0.9342
   -0.4918    0.7953    0.3544
    0.8417    0.5384   -0.0400

Eigen Vector matrix is
   -0.7001         0         0
         0   -0.0184         0
         0         0    0.8434

For i = 2, j = 3, k = 2
Eigen Value matrix is
   -0.2194    0.2440    0.9446
   -0.3212    0.8962   -0.3061
    0.9212    0.3706    0.1183

Eigen Vector matrix is
   -1.1704         0         0
         0   -0.1364         0
         0         0    0.8567

For i = 2, j = 3, k = 3
Eigen Value matrix is
   -0.2258   -0.2176   -0.9496
   -0.2314   -0.9349    0.2693
    0.9463   -0.2805   -0.1607

Eigen Vector matrix is
   -1.6806         0         0
         0   -0.2278         0
         0         0    0.8833

For i = 2, j = 3, k = 4
Eigen Value matrix is
   -0.2327   -0.1964    0.9525
   -0.1793   -0.9540   -0.2405
    0.9559   -0.2268    0.1868

Eigen Vector matrix is
   -2.2064         0         0
         0   -0.3099         0
         0         0    0.9164

For i = 2, j = 3, k = 5
Eigen Value matrix is
   -0.2386   -0.1788    0.9545
   -0.1459   -0.9651   -0.2172
    0.9601   -0.1911    0.2042

Eigen Vector matrix is
   -2.7398         0         0
         0   -0.3882         0
         0         0    0.9530

For i = 2, j = 4, k = 1
Eigen Value matrix is
   -0.3004    0.4841   -0.8218
   -0.5938    0.5794    0.5583
    0.7464    0.6557    0.1134

Eigen Vector matrix is
   -0.9462         0         0
         0    0.0422         0
         0         0    0.7040

For i = 2, j = 4, k = 2
Eigen Value matrix is
   -0.2777    0.3798    0.8824
   -0.4607    0.7534   -0.4692
    0.8430    0.5368    0.0343

Eigen Vector matrix is
   -1.3677         0         0
         0   -0.0999         0
         0         0    0.6677

For i = 2, j = 4, k = 3
Eigen Value matrix is
   -0.2689    0.3113    0.9115
   -0.3621    0.8442   -0.3952
    0.8925    0.4363    0.1143

Eigen Vector matrix is
   -1.8394         0         0
         0   -0.2289         0
         0         0    0.6683

For i = 2, j = 4, k = 4
Eigen Value matrix is
   -0.2660    0.2642    0.9271
   -0.2932    0.8940   -0.3389
    0.9183    0.3620    0.1603

Eigen Vector matrix is
   -2.3387         0         0
         0   -0.3475         0
         0         0    0.6861

For i = 2, j = 4, k = 5
Eigen Value matrix is
   -0.2654   -0.2297   -0.9364
   -0.2444   -0.9235    0.2958
    0.9327   -0.3073   -0.1890

Eigen Vector matrix is
   -2.8534         0         0
         0   -0.4596         0
         0         0    0.7130

For i = 2, j = 5, k = 1
Eigen Value matrix is
   -0.3564   -0.7257   -0.5886
   -0.6337   -0.2752    0.7230
    0.6866   -0.6306    0.3617

Eigen Vector matrix is
   -1.2752         0         0
         0    0.0115         0
         0         0    0.7387

For i = 2, j = 5, k = 2
Eigen Value matrix is
   -0.3255    0.6140    0.7191
   -0.5465    0.4985   -0.6729
    0.7716    0.6120   -0.1733

Eigen Vector matrix is
   -1.6662         0         0
         0   -0.0681         0
         0         0    0.5843

For i = 2, j = 5, k = 3
Eigen Value matrix is
   -0.3081    0.4823    0.8200
   -0.4672    0.6742   -0.5720
    0.8288    0.5593   -0.0176

Eigen Vector matrix is
   -2.1012         0         0
         0   -0.1820         0
         0         0    0.5082

For i = 2, j = 5, k = 4
Eigen Value matrix is
   -0.2980    0.3750    0.8778
   -0.4008    0.7854   -0.4716
    0.8663    0.4924    0.0838

Eigen Vector matrix is
   -2.5672         0         0
         0   -0.3163         0
         0         0    0.4835

For i = 2, j = 5, k = 5
Eigen Value matrix is
   -0.2921    0.2996    0.9083
   -0.3472    0.8517   -0.3926
    0.8911    0.4300    0.1447

Eigen Vector matrix is
   -3.0544         0         0
         0   -0.4574         0
         0         0    0.4868

For i = 3, j = 1, k = 1
Eigen Value matrix is
   -0.0665   -0.0474   -0.9967
   -0.0847   -0.9950    0.0530
    0.9942   -0.0879   -0.0621

Eigen Vector matrix is
   -0.5186         0         0
         0   -0.0309         0
         0         0    3.3245

For i = 3, j = 1, k = 2
Eigen Value matrix is
   -0.1114   -0.0456   -0.9927
   -0.0496   -0.9974    0.0514
    0.9925   -0.0549   -0.1089

Eigen Vector matrix is
   -1.0554         0         0
         0   -0.0566         0
         0         0    3.3620

For i = 3, j = 1, k = 3
Eigen Value matrix is
   -0.1464   -0.0439   -0.9883
   -0.0365   -0.9981    0.0497
    0.9886   -0.0434   -0.1445

Eigen Vector matrix is
   -1.6077         0         0
         0   -0.0816         0
         0         0    3.4143

For i = 3, j = 1, k = 4
Eigen Value matrix is
   -0.1737   -0.0423   -0.9839
   -0.0294   -0.9984    0.0481
    0.9844   -0.0372   -0.1722

Eigen Vector matrix is
   -2.1703         0         0
         0   -0.1065         0
         0         0    3.4768

For i = 3, j = 1, k = 5
Eigen Value matrix is
   -0.1955   -0.0407   -0.9799
   -0.0247   -0.9986    0.0465
    0.9804   -0.0333   -0.1942

Eigen Vector matrix is
   -2.7401         0         0
         0   -0.1313         0
         0         0    3.5464

For i = 3, j = 2, k = 1
Eigen Value matrix is
   -0.0935    0.0888   -0.9916
   -0.2901    0.9504    0.1125
    0.9524    0.2982   -0.0631

Eigen Vector matrix is
   -0.5601         0         0
         0   -0.0460         0
         0         0    3.0561

For i = 3, j = 2, k = 2
Eigen Value matrix is
   -0.1296   -0.0859   -0.9878
   -0.1666   -0.9802    0.1071
    0.9775   -0.1784   -0.1127

Eigen Vector matrix is
   -1.0841         0         0
         0   -0.1097         0
         0         0    3.0938

For i = 3, j = 2, k = 3
Eigen Value matrix is
   -0.1615   -0.0821   -0.9835
   -0.1185   -0.9877    0.1019
    0.9797   -0.1330   -0.1497

Eigen Vector matrix is
   -1.6332         0         0
         0   -0.1638         0
         0         0    3.1469

For i = 3, j = 2, k = 4
Eigen Value matrix is
    0.1871   -0.0785    0.9792
    0.0926   -0.9910   -0.0971
   -0.9780   -0.1088    0.1782

Eigen Vector matrix is
   -2.1951         0         0
         0   -0.2153         0
         0         0    3.2104

For i = 3, j = 2, k = 5
Eigen Value matrix is
   -0.2078   -0.0750   -0.9753
   -0.0763   -0.9928    0.0926
    0.9752   -0.0936   -0.2005

Eigen Vector matrix is
   -2.7650         0         0
         0   -0.2659         0
         0         0    3.2809

For i = 3, j = 3, k = 1
Eigen Value matrix is
   -0.1394    0.1250   -0.9823
   -0.4950    0.8504    0.1784
    0.8576    0.5111   -0.0566

Eigen Vector matrix is
   -0.6948         0         0
         0    0.0079         0
         0         0    2.8119

For i = 3, j = 3, k = 2
Eigen Value matrix is
   -0.1610   -0.1187   -0.9798
   -0.3288   -0.9296    0.1666
    0.9306   -0.3490   -0.1106

Eigen Vector matrix is
   -1.1784         0         0
         0   -0.1176         0
         0         0    2.8460

For i = 3, j = 3, k = 3
Eigen Value matrix is
   -0.1851   -0.1123   -0.9763
   -0.2408   -0.9580    0.1559
    0.9527   -0.2640   -0.1503

Eigen Vector matrix is
   -1.7081         0         0
         0   -0.2139         0
         0         0    2.8970

For i = 3, j = 3, k = 4
Eigen Value matrix is
    0.2064   -0.1063    0.9727
    0.1892   -0.9710   -0.1462
   -0.9600   -0.2142    0.1803

Eigen Vector matrix is
   -2.2596         0         0
         0   -0.2995         0
         0         0    2.9592

For i = 3, j = 3, k = 5
Eigen Value matrix is
   -0.2242   -0.1007   -0.9693
   -0.1555   -0.9782    0.1376
    0.9620   -0.1816   -0.2037

Eigen Vector matrix is
   -2.8233         0         0
         0   -0.3805         0
         0         0    3.0288

For i = 3, j = 4, k = 1
Eigen Value matrix is
   -0.1865    0.1730   -0.9671
   -0.6060    0.7545    0.2518
    0.7733    0.6331   -0.0359

Eigen Vector matrix is
   -0.9341         0         0
         0    0.1377         0
         0         0    2.5964

For i = 3, j = 4, k = 2
Eigen Value matrix is
   -0.1993    0.1517   -0.9681
   -0.4725    0.8506    0.2305
    0.8585    0.5034   -0.0978

Eigen Vector matrix is
   -1.3756         0         0
         0   -0.0443         0
         0         0    2.6199

For i = 3, j = 4, k = 3
Eigen Value matrix is
   -0.2152   -0.1376   -0.9668
   -0.3742   -0.9028    0.2117
    0.9020   -0.4074   -0.1428

Eigen Vector matrix is
   -1.8709         0         0
         0   -0.1931         0
         0         0    2.6640

For i = 3, j = 4, k = 4
Eigen Value matrix is
   -0.2306   -0.1268   -0.9647
   -0.3051   -0.9321    0.1954
    0.9240   -0.3394   -0.1763

Eigen Vector matrix is
   -2.3981         0         0
         0   -0.3232         0
         0         0    2.7213

For i = 3, j = 4, k = 5
Eigen Value matrix is
   -0.2444   -0.1180    0.9625
   -0.2556   -0.9496   -0.1813
    0.9354   -0.2904    0.2020

Eigen Vector matrix is
   -2.9448         0         0
         0   -0.4427         0
         0         0    2.7875

For i = 3, j = 5, k = 1
Eigen Value matrix is
   -0.2272    0.2475   -0.9419
   -0.6561    0.6759    0.3359
    0.7197    0.6942    0.0089

Eigen Vector matrix is
   -1.2594         0         0
         0    0.3157         0
         0         0    2.4187

For i = 3, j = 5, k = 2
Eigen Value matrix is
   -0.2350    0.2008   -0.9510
   -0.5642    0.7686    0.3017
    0.7915    0.6074   -0.0673

Eigen Vector matrix is
   -1.6771         0         0
         0    0.1076         0
         0         0    2.4195

For i = 3, j = 5, k = 3
Eigen Value matrix is
   -0.2452    0.1695   -0.9546
   -0.4823    0.8328    0.2717
    0.8410    0.5271   -0.1224

Eigen Vector matrix is
   -2.1401         0         0
         0   -0.0835         0
         0         0    2.4486

For i = 3, j = 5, k = 4
Eigen Value matrix is
   -0.2557    0.1476    0.9554
   -0.4143    0.8762   -0.2462
    0.8735    0.4588    0.1629

Eigen Vector matrix is
   -2.6368         0         0
         0   -0.2589         0
         0         0    2.4957

For i = 3, j = 5, k = 5
Eigen Value matrix is
   -0.2657   -0.1315   -0.9550
   -0.3593   -0.9058    0.2247
    0.8946   -0.4029   -0.1934

Eigen Vector matrix is
   -3.1577         0         0
         0   -0.4221         0
         0         0    2.5547

For i = 4, j = 1, k = 1
Eigen Value matrix is
   -0.0512   -0.0344   -0.9981
   -0.0853   -0.9956    0.0387
    0.9950   -0.0871   -0.0480

Eigen Vector matrix is
   -0.5190         0         0
         0   -0.0307         0
         0         0    6.1247

For i = 4, j = 1, k = 2
Eigen Value matrix is
   -0.0906   -0.0333   -0.9953
   -0.0511   -0.9980    0.0380
    0.9946   -0.0543   -0.0887

Eigen Vector matrix is
   -1.0599         0         0
         0   -0.0564         0
         0         0    6.1662

For i = 4, j = 1, k = 3
Eigen Value matrix is
   -0.1245   -0.0321   -0.9917
   -0.0385   -0.9986    0.0372
    0.9915   -0.0429   -0.1230

Eigen Vector matrix is
   -1.6217         0         0
         0   -0.0814         0
         0         0    6.2281

For i = 4, j = 1, k = 4
Eigen Value matrix is
   -0.1532   -0.0310   -0.9877
   -0.0316   -0.9988    0.0363
    0.9877   -0.0368   -0.1521

Eigen Vector matrix is
   -2.1996         0         0
         0   -0.1064         0
         0         0    6.3059

For i = 4, j = 1, k = 5
Eigen Value matrix is
   -0.1778   -0.0300   -0.9836
   -0.0271   -0.9990    0.0354
    0.9837   -0.0329   -0.1768

Eigen Vector matrix is
   -2.7900         0         0
         0   -0.1312         0
         0         0    6.3962

For i = 4, j = 2, k = 1
Eigen Value matrix is
   -0.0699    0.0622   -0.9956
   -0.2904    0.9536    0.0800
    0.9543    0.2947   -0.0486

Eigen Vector matrix is
   -0.5600         0         0
         0   -0.0442         0
         0         0    5.8542

For i = 4, j = 2, k = 2
Eigen Value matrix is
   -0.1029   -0.0608   -0.9928
   -0.1691   -0.9825    0.0777
    0.9802   -0.1758   -0.0908

Eigen Vector matrix is
   -1.0879         0         0
         0   -0.1082         0
         0         0    5.8961

For i = 4, j = 2, k = 3
Eigen Value matrix is
   -0.1346   -0.0586   -0.9892
   -0.1221   -0.9897    0.0752
    0.9833   -0.1309   -0.1261

Eigen Vector matrix is
   -1.6463         0         0
         0   -0.1626         0
         0         0    5.9589

For i = 4, j = 2, k = 4
Eigen Value matrix is
   -0.1624   -0.0564   -0.9851
   -0.0968   -0.9926    0.0728
    0.9820   -0.1071   -0.1558

Eigen Vector matrix is
   -2.2236         0         0
         0   -0.2143         0
         0         0    6.0379

For i = 4, j = 2, k = 5
Eigen Value matrix is
   -0.1864   -0.0543   -0.9810
   -0.0807   -0.9942    0.0704
    0.9792   -0.0923   -0.1809

Eigen Vector matrix is
   -2.8144         0         0
         0   -0.2651         0
         0         0    6.1295

For i = 4, j = 3, k = 1
Eigen Value matrix is
   -0.1022    0.0834   -0.9913
   -0.4958    0.8596    0.1234
    0.8624    0.5040   -0.0465

Eigen Vector matrix is
   -0.6931         0         0
         0    0.0134         0
         0         0    5.6047

For i = 4, j = 3, k = 2
Eigen Value matrix is
   -0.1253    0.0809   -0.9888
   -0.3321    0.9357    0.1186
    0.9349    0.3433   -0.0904

Eigen Vector matrix is
   -1.1817         0         0
         0   -0.1132         0
         0         0    5.6449

For i = 4, j = 3, k = 3
Eigen Value matrix is
   -0.1518   -0.0778   -0.9854
   -0.2458   -0.9626    0.1138
    0.9574   -0.2594   -0.1270

Eigen Vector matrix is
   -1.7215         0         0
         0   -0.2104         0
         0         0    5.7069

For i = 4, j = 3, k = 4
Eigen Value matrix is
   -0.1766   -0.0746   -0.9815
   -0.1949   -0.9747    0.1091
    0.9648   -0.2106   -0.1576

Eigen Vector matrix is
   -2.2888         0         0
         0   -0.2968         0
         0         0    5.7856

For i = 4, j = 3, k = 5
Eigen Value matrix is
   -0.1986   -0.0715   -0.9775
   -0.1617   -0.9813    0.1046
    0.9667   -0.1788   -0.1833

Eigen Vector matrix is
   -2.8739         0         0
         0   -0.3783         0
         0         0    5.8772

For i = 4, j = 4, k = 1
Eigen Value matrix is
    0.1362   -0.1079   -0.9848
    0.6092   -0.7748    0.1691
   -0.7812   -0.6230   -0.0398

Eigen Vector matrix is
   -0.9301         0         0
         0    0.1523         0
         0         0    5.3778

For i = 4, j = 4, k = 2
Eigen Value matrix is
   -0.1538    0.0980   -0.9832
   -0.4775    0.8638    0.1608
    0.8650    0.4943   -0.0861

Eigen Vector matrix is
   -1.3788         0         0
         0   -0.0342         0
         0         0    5.4130

For i = 4, j = 4, k = 3
Eigen Value matrix is
   -0.1746    0.0913   -0.9804
   -0.3806    0.9120    0.1527
    0.9081    0.3998   -0.1245

Eigen Vector matrix is
   -1.8857         0         0
         0   -0.1857         0
         0         0    5.4714

For i = 4, j = 4, k = 4
Eigen Value matrix is
   -0.1953   -0.0860   -0.9770
   -0.3122   -0.9389    0.1451
    0.9297   -0.3333   -0.1565

Eigen Vector matrix is
   -2.4300         0         0
         0   -0.3176         0
         0         0    5.5475

For i = 4, j = 4, k = 5
Eigen Value matrix is
   -0.2144   -0.0815   -0.9733
   -0.2630   -0.9549    0.1379
    0.9407   -0.2856   -0.1832

Eigen Vector matrix is
   -2.9989         0         0
         0   -0.4384         0
         0         0    5.6373

For i = 4, j = 5, k = 1
Eigen Value matrix is
    0.1672   -0.1411   -0.9758
    0.6626   -0.7168    0.2172
   -0.7300   -0.6829   -0.0263

Eigen Vector matrix is
   -1.2540         0         0
         0    0.3533         0
         0         0    5.1757

For i = 4, j = 5, k = 2
Eigen Value matrix is
   -0.1820    0.1201   -0.9759
   -0.5717    0.7946    0.2044
    0.8000    0.5952   -0.0760

Eigen Vector matrix is
   -1.6816         0         0
         0    0.1304         0
         0         0    5.2011

For i = 4, j = 5, k = 3
Eigen Value matrix is
   -0.1988    0.1056   -0.9743
   -0.4905    0.8500    0.1922
    0.8484    0.5161   -0.1172

Eigen Vector matrix is
   -2.1585         0         0
         0   -0.0686         0
         0         0    5.2521

For i = 4, j = 5, k = 4
Eigen Value matrix is
    0.2157   -0.0951    0.9718
    0.4227   -0.8880   -0.1808
   -0.8802   -0.4498    0.1514

Eigen Vector matrix is
   -2.6739         0         0
         0   -0.2487         0
         0         0    5.3226

For i = 4, j = 5, k = 5
Eigen Value matrix is
    0.2318   -0.0873    0.9688
    0.3677   -0.9142   -0.1703
   -0.9006   -0.3958    0.1799

Eigen Vector matrix is
   -3.2182         0         0
         0   -0.4148         0
         0         0    5.4080

For i = 5, j = 1, k = 1
Eigen Value matrix is
   -0.0415   -0.0271   -0.9988
   -0.0856   -0.9959    0.0306
    0.9955   -0.0868   -0.0390

Eigen Vector matrix is
   -0.5192         0         0
         0   -0.0306         0
         0         0    9.7248

For i = 5, j = 1, k = 2
Eigen Value matrix is
   -0.0755   -0.0263   -0.9968
   -0.0519   -0.9982    0.0302
    0.9958   -0.0540   -0.0740

Eigen Vector matrix is
   -1.0622         0         0
         0   -0.0563         0
         0         0    9.7685

For i = 5, j = 1, k = 3
Eigen Value matrix is
   -0.1063   -0.0254   -0.9940
   -0.0397   -0.9988    0.0298
    0.9935   -0.0426   -0.1051

Eigen Vector matrix is
   -1.6296         0         0
         0   -0.0814         0
         0         0    9.8359

For i = 5, j = 1, k = 4
Eigen Value matrix is
   -0.1338   -0.0246   -0.9907
   -0.0330   -0.9990    0.0293
    0.9905   -0.0366   -0.1329

Eigen Vector matrix is
   -2.2172         0         0
         0   -0.1063         0
         0         0    9.9234

For i = 5, j = 1, k = 5
Eigen Value matrix is
   -0.1583   -0.0238   -0.9871
   -0.0286   -0.9992    0.0287
    0.9870   -0.0328   -0.1575

Eigen Vector matrix is
   -2.8217         0         0
         0   -0.1312         0
         0         0   10.0279

For i = 5, j = 2, k = 1
Eigen Value matrix is
   -0.0559    0.0482   -0.9973
   -0.2905    0.9548    0.0625
    0.9552    0.2932   -0.0393

Eigen Vector matrix is
   -0.5599         0         0
         0   -0.0435         0
         0         0    9.4534

For i = 5, j = 2, k = 2
Eigen Value matrix is
   -0.0846   -0.0474   -0.9953
   -0.1703   -0.9835    0.0613
    0.9817   -0.1747   -0.0752

Eigen Vector matrix is
   -1.0898         0         0
         0   -0.1076         0
         0         0    9.4973

For i = 5, j = 2, k = 3
Eigen Value matrix is
   -0.1137   -0.0458   -0.9925
   -0.1241   -0.9905    0.0600
    0.9857   -0.1299   -0.1070

Eigen Vector matrix is
   -1.6536         0         0
         0   -0.1620         0
         0         0    9.5656

For i = 5, j = 2, k = 4
Eigen Value matrix is
   -0.1405   -0.0443   -0.9891
   -0.0993   -0.9933    0.0586
    0.9851   -0.1064   -0.1352

Eigen Vector matrix is
   -2.2403         0         0
         0   -0.2139         0
         0         0    9.6542

For i = 5, j = 2, k = 5
Eigen Value matrix is
   -0.1646   -0.0428   -0.9854
   -0.0835   -0.9949    0.0571
    0.9828   -0.0917   -0.1602

Eigen Vector matrix is
   -2.8452         0         0
         0   -0.2647         0
         0         0    9.7599

For i = 5, j = 3, k = 1
Eigen Value matrix is
   -0.0809    0.0634   -0.9947
   -0.4960    0.8630    0.0954
    0.8645    0.5011   -0.0384

Eigen Vector matrix is
   -0.6924         0         0
         0    0.0156         0
         0         0    9.2017

For i = 5, j = 3, k = 2
Eigen Value matrix is
   -0.1021    0.0620   -0.9928
   -0.3338    0.9381    0.0930
    0.9371    0.3409   -0.0751

Eigen Vector matrix is
   -1.1833         0         0
         0   -0.1114         0
         0         0    9.2448

For i = 5, j = 3, k = 3
Eigen Value matrix is
    0.1271   -0.0600    0.9901
    0.2485   -0.9644   -0.0904
   -0.9603   -0.2575    0.1076

Eigen Vector matrix is
   -1.7287         0         0
         0   -0.2089         0
         0         0    9.3126

For i = 5, j = 3, k = 4
Eigen Value matrix is
    0.1515   -0.0579    0.9868
    0.1983   -0.9762   -0.0877
   -0.9684   -0.2090    0.1364

Eigen Vector matrix is
   -2.3056         0         0
         0   -0.2956         0
         0         0    9.4012

For i = 5, j = 3, k = 5
Eigen Value matrix is
   -0.1741   -0.0558   -0.9831
   -0.1655   -0.9825    0.0851
    0.9707   -0.1776   -0.1618

Eigen Vector matrix is
   -2.9048         0         0
         0   -0.3773         0
         0         0    9.5072

For i = 5, j = 4, k = 1
Eigen Value matrix is
    0.1076   -0.0798   -0.9910
    0.6105   -0.7814    0.1292
   -0.7847   -0.6189   -0.0353

Eigen Vector matrix is
   -0.9283         0         0
         0    0.1576         0
         0         0    8.9707

For i = 5, j = 4, k = 2
Eigen Value matrix is
   -0.1248    0.0736   -0.9894
   -0.4800    0.8683    0.1251
    0.8683    0.4906   -0.0731

Eigen Vector matrix is
   -1.3803         0         0
         0   -0.0305         0
         0         0    9.0108

For i = 5, j = 4, k = 3
Eigen Value matrix is
   -0.1454    0.0693   -0.9869
   -0.3841    0.9153    0.1209
    0.9118    0.3967   -0.1065

Eigen Vector matrix is
   -1.8936         0         0
         0   -0.1828         0
         0         0    9.0764

For i = 5, j = 4, k = 4
Eigen Value matrix is
    0.1666   -0.0659    0.9838
    0.3165   -0.9414   -0.1166
   -0.9339   -0.3308    0.1360

Eigen Vector matrix is
   -2.4481         0         0
         0   -0.3153         0
         0         0    9.1634

For i = 5, j = 4, k = 5
Eigen Value matrix is
    0.1869   -0.0629    0.9804
    0.2678   -0.9569   -0.1125
   -0.9452   -0.2836    0.1620

Eigen Vector matrix is
   -3.0316         0         0
         0   -0.4366         0
         0         0    9.2682

For i = 5, j = 5, k = 1
Eigen Value matrix is
    0.1325   -0.1009   -0.9860
    0.6655   -0.7282    0.1640
   -0.7346   -0.6779   -0.0293

Eigen Vector matrix is
   -1.2516         0         0
         0    0.3652         0
         0         0    8.7613

For i = 5, j = 5, k = 2
Eigen Value matrix is
    0.1480   -0.0875   -0.9851
    0.5755   -0.8025    0.1577
   -0.8043   -0.5903   -0.0684

Eigen Vector matrix is
   -1.6838         0         0
         0    0.1382         0
         0         0    8.7956

For i = 5, j = 5, k = 3
Eigen Value matrix is
   -0.1656    0.0781   -0.9831
   -0.4952    0.8555    0.1514
    0.8529    0.5119   -0.1029

Eigen Vector matrix is
   -2.1684         0         0
         0   -0.0633         0
         0         0    8.8566

For i = 5, j = 5, k = 4
Eigen Value matrix is
   -0.1838    0.0714   -0.9804
   -0.4280    0.8921    0.1452
    0.8849    0.4462   -0.1334

Eigen Vector matrix is
   -2.6951         0         0
         0   -0.2448         0
         0         0    8.9399

For i = 5, j = 5, k = 5
Eigen Value matrix is
    0.2017   -0.0662    0.9772
    0.3733   -0.9172   -0.1392
   -0.9055   -0.3929    0.1603

Eigen Vector matrix is
   -3.2547         0         0
         0   -0.4120         0
         0         0    9.0417

